58.81 
57.95 
48.21 
38.97 
31.53 
26.31 
22.55 
19.74 
17.54 
15.79 
14.36 
13.16 
12.15 
11.28 
10.53 
9.87 
9.29 
8.77 
8.31 
7.90 
7.52 
7.18 
6.87 
6.58 
6.32 
6.07 
5.85 
5.64 
5.45 
5.26 
5.09 
4.94 
4.79 
4.64 
4.51 
4.39 
4.27 
4.16 
4.05 
3.95 
3.85 
3.76 
3.67 
3.59 
3.51 
3.43 
3.36 
3.29 
3.22 
3.16 
3.10 
3.04 
2.98 
2.92 
2.87 
2.82 
2.77 
2.72 
2.68 
2.63 
2.59 
2.55 
2.51 
2.47 
2.43 
2.39 
2.36 
2.32 
2.29 
2.26 
2.22 
2.19 
2.16 
2.13 
2.11 
2.08 
2.05 
2.02 
2.00 
1.97 
1.95 
1.93 
1.90 
1.88 
1.86 
1.84 
1.82 
1.79 
1.77 
1.75 
1.74 
1.72 
1.70 
1.68 
1.66 
1.64 
1.63 
1.61 
1.60 
