80.97 
80.33 
53.54 
40.17 
32.14 
26.75 
22.95 
20.08 
17.82 
16.05 
14.58 
13.38 
12.36 
11.45 
10.70 
10.02 
9.42 
8.89 
8.44 
8.03 
7.65 
7.27 
6.97 
6.67 
6.41 
6.18 
5.92 
5.73 
5.54 
5.35 
5.16 
5.01 
4.86 
4.71 
4.56 
4.45 
4.33 
4.22 
4.11 
3.99 
3.92 
3.81 
3.73 
3.62 
3.54 
3.47 
3.39 
3.32 
3.28 
3.20 
3.13 
3.09 
3.01 
2.94 
2.90 
2.86 
2.79 
2.75 
2.71 
2.68 
2.60 
2.56 
2.52 
2.49 
2.45 
2.41 
2.37 
2.34 
2.30 
2.26 
2.26 
2.22 
2.19 
2.15 
2.11 
2.11 
2.07 
2.03 
2.00 
2.00 
1.96 
1.96 
1.92 
1.88 
1.88 
1.85 
1.85 
1.81 
1.77 
1.77 
1.73 
1.73 
1.70 
1.70 
1.66 
1.66 
1.62 
1.62 
1.62 
