60.66 
55.22 
52.55 
50.88 
49.65 
48.70 
47.91 
47.23 
46.64 
46.12 
45.65 
45.21 
44.81 
44.43 
44.08 
43.74 
43.43 
43.13 
42.84 
42.57 
42.31 
42.06 
41.82 
41.58 
41.36 
41.14 
40.93 
40.73 
40.54 
40.35 
40.16 
39.99 
39.81 
39.64 
39.48 
39.32 
39.16 
39.01 
38.87 
38.72 
38.58 
38.44 
38.31 
38.18 
38.05 
37.93 
37.80 
37.68 
37.57 
37.45 
37.34 
37.23 
37.12 
37.01 
36.91 
36.81 
36.71 
36.61 
36.52 
36.42 
36.33 
36.24 
36.15 
36.06 
35.97 
35.89 
35.81 
35.72 
35.64 
35.56 
35.49 
35.41 
35.33 
35.26 
35.18 
35.11 
35.04 
34.97 
34.90 
34.83 
34.77 
34.70 
34.64 
34.57 
34.51 
34.44 
34.38 
34.32 
34.26 
34.20 
34.14 
34.09 
34.03 
33.97 
33.92 
33.86 
33.81 
33.76 
33.70 
