57.12 
57.22 
60.48 
65.88 
52.71 
43.92 
37.65 
32.94 
29.28 
26.35 
23.96 
21.96 
20.27 
18.82 
17.57 
16.47 
15.50 
14.64 
13.87 
13.18 
12.55 
11.98 
11.46 
10.98 
10.54 
10.14 
9.76 
9.41 
9.09 
8.78 
8.50 
8.24 
7.99 
7.75 
7.53 
7.32 
7.12 
6.93 
6.76 
6.59 
6.43 
6.27 
6.13 
5.99 
5.86 
5.73 
5.61 
5.49 
5.38 
5.27 
5.17 
5.07 
4.97 
4.88 
4.79 
4.71 
4.62 
4.54 
4.47 
4.39 
4.32 
4.25 
4.18 
4.12 
4.05 
3.99 
3.93 
3.88 
3.82 
3.76 
3.71 
3.66 
3.61 
3.56 
3.51 
3.47 
3.42 
3.38 
3.34 
3.29 
3.25 
3.21 
3.17 
3.14 
3.10 
3.06 
3.03 
2.99 
2.96 
2.93 
2.90 
2.86 
2.83 
2.80 
2.77 
2.75 
2.72 
2.69 
2.66 
