73.83 
72.97 
67.16 
58.05 
48.91 
42.67 
38.20 
34.81 
32.19 
30.04 
28.24 
26.78 
25.48 
24.36 
23.39 
22.54 
21.79 
21.13 
20.53 
19.99 
19.51 
19.07 
18.66 
18.30 
17.95 
17.64 
17.35 
17.08 
16.83 
16.59 
16.38 
16.17 
15.98 
15.79 
15.63 
15.46 
15.31 
15.16 
15.03 
14.90 
14.77 
14.65 
14.53 
14.43 
14.32 
14.23 
14.13 
14.04 
13.96 
13.87 
13.79 
13.71 
13.64 
13.57 
13.50 
13.43 
13.37 
13.31 
13.24 
13.19 
13.13 
13.07 
13.03 
12.97 
12.92 
12.87 
12.83 
12.78 
12.75 
12.70 
12.66 
12.62 
12.58 
12.55 
12.51 
12.46 
12.44 
12.40 
12.37 
12.33 
12.30 
12.28 
12.24 
12.22 
12.18 
12.16 
12.13 
12.10 
12.08 
12.05 
12.03 
12.00 
11.98 
11.96 
11.93 
11.91 
11.89 
11.86 
11.84 
