95.35 
96.96 
64.64 
48.48 
38.78 
32.32 
27.70 
24.24 
21.55 
19.39 
17.63 
16.16 
14.92 
13.85 
12.93 
12.12 
11.41 
10.77 
10.21 
9.70 
9.23 
8.81 
8.43 
8.08 
7.76 
7.46 
7.18 
6.93 
6.69 
6.46 
6.26 
6.06 
5.88 
5.70 
5.54 
5.39 
5.24 
5.10 
4.97 
4.85 
4.73 
4.62 
4.51 
4.41 
4.31 
4.22 
4.13 
4.04 
3.96 
3.88 
3.80 
3.73 
3.66 
3.59 
3.53 
3.46 
3.40 
3.34 
3.29 
3.23 
3.18 
3.13 
3.08 
3.03 
2.98 
2.94 
2.89 
2.85 
2.81 
2.77 
2.73 
2.69 
2.66 
2.62 
2.59 
2.55 
2.52 
2.49 
2.45 
2.42 
2.39 
2.36 
2.34 
2.31 
2.28 
2.25 
2.23 
2.20 
2.18 
2.15 
2.13 
2.11 
2.08 
2.06 
2.04 
2.02 
2.00 
1.98 
1.96 
