20.46 
26.14 
46.44 
34.83 
27.86 
23.22 
19.90 
17.41 
15.48 
13.93 
12.66 
11.61 
10.71 
9.95 
9.28 
8.70 
8.19 
7.73 
7.33 
6.96 
6.63 
6.32 
6.05 
5.80 
5.57 
5.35 
5.16 
4.97 
4.79 
4.64 
4.49 
4.35 
4.22 
4.10 
3.98 
3.87 
3.76 
3.66 
3.57 
3.47 
3.40 
3.31 
3.23 
3.16 
3.09 
3.03 
2.96 
2.89 
2.84 
2.79 
2.73 
2.68 
2.62 
2.58 
2.52 
2.48 
2.44 
2.39 
2.36 
2.32 
2.28 
2.24 
2.21 
2.17 
2.14 
2.11 
2.08 
2.04 
2.01 
1.99 
1.96 
1.93 
1.90 
1.88 
1.86 
1.82 
1.80 
1.78 
1.76 
1.74 
1.71 
1.69 
1.67 
1.65 
1.64 
1.62 
1.59 
1.57 
1.56 
1.54 
1.53 
1.51 
1.50 
1.47 
1.46 
1.44 
1.43 
1.42 
1.40 
