74.50 
74.86 
64.70 
51.95 
41.96 
35.31 
30.49 
26.88 
24.07 
21.81 
19.82 
18.17 
16.77 
15.58 
14.53 
13.63 
12.83 
12.11 
11.48 
10.90 
10.38 
9.91 
9.48 
9.08 
8.72 
8.38 
8.08 
7.78 
7.51 
7.27 
7.03 
6.81 
6.61 
6.41 
6.23 
6.06 
5.89 
5.74 
5.58 
5.44 
5.31 
5.19 
5.07 
4.95 
4.84 
4.74 
4.63 
4.54 
4.44 
4.36 
4.27 
4.19 
4.12 
4.03 
3.96 
3.89 
3.82 
3.75 
3.69 
3.63 
3.57 
3.52 
3.46 
3.40 
3.35 
3.30 
3.25 
3.20 
3.15 
3.12 
3.07 
3.02 
2.99 
2.94 
2.90 
2.87 
2.82 
2.79 
2.75 
2.72 
2.69 
2.66 
2.62 
2.59 
2.56 
2.53 
2.50 
2.47 
2.45 
2.42 
2.39 
2.36 
2.34 
2.32 
2.29 
2.27 
2.25 
2.22 
2.20 
