99.99 
50.04 
33.36 
25.02 
20.02 
16.68 
14.30 
12.51 
11.12 
10.01 
9.09 
8.34 
7.70 
7.15 
6.67 
6.25 
5.89 
5.56 
5.27 
5.00 
4.76 
4.54 
4.35 
4.16 
4.00 
3.85 
3.70 
3.57 
3.45 
3.33 
3.23 
3.13 
3.03 
2.94 
2.86 
2.77 
2.70 
2.63 
2.56 
2.50 
2.44 
2.38 
2.33 
2.27 
2.22 
2.18 
2.13 
2.08 
2.04 
2.00 
1.96 
1.92 
1.89 
1.85 
1.82 
1.78 
1.76 
1.72 
1.69 
1.67 
1.64 
1.61 
1.58 
1.56 
1.54 
1.51 
1.49 
1.47 
1.45 
1.42 
1.40 
1.38 
1.37 
1.35 
1.33 
1.31 
1.29 
1.28 
1.27 
1.25 
1.23 
1.22 
1.20 
1.19 
1.18 
1.16 
1.15 
1.14 
1.12 
1.11 
1.09 
1.09 
1.07 
1.06 
1.05 
1.04 
1.03 
1.02 
1.01 
